50
0 5 0 2 1 3 
1 4 1 3 
2 2 1 3 0 
3 4 0 3 0 
4 4 1 3 
5 4 1 0 
6 4 0 0 2 1 
7 4 0 0 
8 5 0 2 3 
9 3 0 2 0 1 
10 3 0 0 
11 4 0 3 2 4 
12 3 0 0 
13 1 0 2 1 4 
14 5 0 0 
15 1 1 1 0 4 
16 4 0 0 2 1 
17 2 0 1 2 3 
18 5 0 1 
19 5 0 2 4 
20 3 0 0 4 
21 4 0 3 0 
22 5 1 0 
23 5 0 4 
24 2 0 0 1 4 
25 2 1 4 2 1 
26 2 0 4 1 
27 4 1 2 1 4 
28 2 1 1 
29 1 0 1 
30 2 0 0 
31 1 1 3 1 4 
32 2 0 2 4 1 
33 4 0 1 
34 4 1 3 2 4 
35 1 0 3 1 
36 1 0 0 
37 1 1 2 0 
38 3 1 2 4 
39 5 0 2 3 1 
40 5 1 4 3 
41 3 0 1 4 3 
42 5 0 3 
43 4 0 2 0 1 
44 1 0 2 3 
45 4 1 3 0 4 
46 4 0 3 1 
47 4 1 1 
48 2 0 1 4 
49 5 0 3 2 1 
10
0 3 4 2 0 1 | 2 3 5 6 7 8 
1 3 1 0 2 | 2 3 5 6 8 
2 3 2 0 1 | 0 1 2 4 5 7 
3 3 1 2 | 0 1 4 5 6 9 
4 4 | 2 3 5 7 8 
5 0 3 1 4 | 0 1 4 5 6 7 9 
6 1 4 3 0 2 | 0 3 6 7 9 
7 1 4 2 3 | 0 1 2 3 5 6 
8 4 2 | 0 1 2 3 4 6 8 9 
9 3 0 2 4 | 0 2 4 
0 Subject0 
1 Subject1 0 
2 Subject2 4 6 0 
3 Subject3 3 0 
4 Subject4 7 6 6 
